x <- c(-12.374109987868, 0.587246185168624, -12.7065367856994, 0.377347747562453, -14.3449886096641, 0.885426517343149, 0.37695094011724, 0.750780765665695, -2.61490282486193, -3.36167640984058, -4.06656021135859, -13.2634052343201, -3.79622342647053, -6.268627444515, 7.51991858938709, -14.9671748257242, -0.138309426838532, 8.88128290185705, 0.446508134482428, -13.1985165679362, 7.79247840051539, -3.59803369850852, -2.47450828668661, -6.65686792694032, -5.2686464949511, -1.9716489163693, -12.9078226489946, 4.81566598406062, -1.45094118546695, -7.7531405177433, 0.969686588505283, -5.67051273304969, -9.1088993975427, 6.96037280373275, -10.7760384713765, 1.74615005613305, -3.75769039732404, -2.86190226092003, -13.4493759518955, -2.49815363553353, 8.44752422068268, 3.4448239277117, -13.6640492454171, 1.62436513579451, -2.54402294289321, 7.42406454170123, 8.874321609037, 8.69834511191584, 1.23422870761715, -9.64137616450898, 6.77240785676986, -5.27610113262199, 2.10993401356973, -7.20416184980422, -0.855416103731841, -11.5183182794135, -6.97620605700649, -7.22134786541574, 2.90220514521934, -5.71956808911636, 5.94268174259923, 2.93020628392696, -8.87214120361023, 3.56528642820194, -8.33094441099092, 1.99800812639296, -10.2402144030202, -7.89076552377082, 3.62312371376902, -12.7518152678385, -2.0079320797231, 6.19491830817424, 9.94375937385485, 3.55290844687261, -2.41669657756574, -13.6767013324425, 5.65278541995212, -5.18945948337205, -3.76785631873645, 8.93093444406986, 3.60756014939398, 5.48455989570357, -3.74282019678503, -11.856436697999, 5.55011620395817, 3.01623294013552, 0.755550429457799, -8.34606310585514, 3.55149998445995, -14.1650507377926, 8.36969872703776, -0.52740165614523, 3.86920196702704, -11.5492991963401, -3.03071526344866, -11.1946868454106, 6.3517046009656, -5.96073055407032, 3.5339477204252, -14.3143219442572, 9.81506860349327, -3.29317013151012, -4.63327749515884, -13.6472581629641, 4.35729584656656, -14.7461806226056, -7.7919183508493, -10.1936845493037, -0.189659526804462, 5.89931644732133, 6.59873255877756, 1.01204352919012, 9.45240810629912, 9.71474561607465, -8.53374724159949, -2.59411009959877, 7.29204947361723, -0.32833483768627, -7.99593814648688, -7.13247144361958, 6.79441321641207, 2.24113486125134, -11.7671349470038, 1.95989663130604, 5.7193678303156, 5.14996793586761, -13.6617722257506, 9.57560992916115, -9.68231118516997, -7.97269507078454, -10.6079889729153, 4.34954550815746, 1.92319725989364, -5.11269145412371, -7.69840815104544, -10.1615716738161, 3.2532255363185, -12.2794556990266, -10.4857384320349, 4.0584427502472, -5.0336432561744, -11.7640297312755, 3.24665095773526, 6.95327637600712, -10.0218161277007, -5.29194215545431, 5.57890587602742, -5.37490990594961, 1.97885659523308, 2.87200396647677, -13.3402245212346, 1.85066946665756, -8.65981766022742, 4.04743779450655, -10.0187388167251, -1.32785120862536, -10.1174989691935, 0.497835050337017, -14.5725622167811, 9.59542278083973, -11.1998815357219, -5.43796564801596, 7.79161881306209, 4.32450225576758, -9.70143321668729, -6.65482121752575, 5.41851910762489, 8.44209419679828, 4.77235489175655, -9.08205645158887, 4.31531005539, -13.6086698365398, -1.68305577011779, -2.81978992628865, -5.72442388860509, 1.4524917898234, -8.94555378821678, -4.97144835302606, 5.28086608625017, -5.8544783887919, 3.82870529661886, -7.20601955312304, -12.133305988973, -3.75533769023605, -8.4407718537841, 2.75347903603688, -12.2374278877396, -9.63335732580163, -4.45859911618754, 7.91532259550877, -12.834696713835, 6.22805878170766, -13.591806832701, -12.1314831811469, -8.29395615495741, 2.20961091923527, -5.98444851697423, -6.8865195591934, 0.0502758915536106, -4.32918327627704, 2.56952562136576, -6.43783495528623, 3.48695985972881, -9.49080096092075, -12.7026349748485, -2.57299891440198, 1.0736424732022, -14.4206132425461, 1.04642361053266, -12.6072221354116, -4.04288379708305, 4.48267428670079, -0.883845965145156, -12.1518085745629, 4.09395580878481, 2.18650541151874, -8.44894444802776, -1.28860443714075, -9.90547334426083, -10.4871623136569, -4.19530241400935, -4.45106834289618, 3.34826770354994, 9.00841049384326, -3.70346942567267, 4.09207432181574, -7.50089677516371, 5.76219119480811, -12.4918204534333, 1.93118146504276, 5.47554071177728, -12.6255888759624, -14.5294751017354, 6.52147546876222, -6.8252638715785, -4.86874661641195, -8.00342270871624, -1.78764689248055, -0.513454838655889, 3.61761670443229, -13.1771868129726, -9.23422869294882, -6.38475623331033, -0.963286401238292, -4.39168573124334, -10.3424775449093, -8.95139945554547, -5.37540671415627, -10.4820257960819, -0.359353671083227, 5.10278293164447, -7.41608384181745, 2.81869489350356, -7.32819887110963, -3.22468857397325, -5.5887147935573, 5.90299667324871, 4.50019916403107, -12.7018286357634, -1.1849888053257, -7.11939100059681, -2.99798937980086, 3.18299575825222, 2.36716108280234, -5.55705784121528, -0.284712555585429, 5.03591778338887, -9.10279925796203, 8.7507630197797, -0.0501828943379223, 5.02818059409037, 1.45383616560139, -0.837449552491307, -10.9758442710154, -8.62437504460104, -10.7230497035198, -7.89764879504219, -13.7066316243727, -0.315211786655709, 3.1144111440517, -11.5050420141779, 0.127996768569574, -5.74992316891439, 3.98153011570685, 5.09506447939202, 6.2766267650295, 9.8462954943534, -12.4870979145635, -11.8812024162617, 0.200189023744315, 5.27539187693037, -4.66445155092515, 5.23144965060055, 3.25180515879765, 8.20372627582401, -2.74627263774164, -4.67347872094251, 6.98932800092734, -3.45878596766852, 3.61365006770939, 9.20622894424014, 6.94563766242936, 8.83531281957403, -11.2183250871021, -13.8945539284032, -0.469439066946507, -14.5375785278156, 7.8241411561612, 2.22096066805534, 1.81340315844864, 3.31413412000984, -4.7781889885664, -13.3703364909161, -8.45641222316772, -9.76014819229022, -1.4485080819577, -4.19777967967093, 4.49140855576843, 7.5426192744635, 9.75253944285214, -3.28408162808046, 0.581134578678757, -6.11235952586867, 6.31211800733581, 1.25643484876491, -0.453368193702772, -11.1470341368113, -1.47367280209437, -2.54633806529455, 2.8500289330259, -12.7042979502585, 6.98086236603558, 2.21068358747289, -12.3174106155057, -6.84372588060796, 1.1000756197609, -0.441673966124654, -5.85201834095642, -12.0106379012577, 6.6172301734332, -12.0156301627867, 6.82704820297658, -3.04026738507673, -11.3992007251363, -0.723147337557748, -14.5373081881553, -1.54533795197494, 9.01321093202569, 2.23828501999378, -8.72115842998028, 8.435816768324, -11.4527748466935, -2.76854033349082, 3.86212027748115, 0.42022493085824, -9.80828519444913, -1.75396793405525, -6.00379260489717, 4.57429480971768, -13.1977524410468, -11.7269681044854, -14.7574900276959, 8.21912442566827, 3.45839529414661, 6.73897697357461, 4.15007787174545, -8.12411492574029, -11.6751839092467, 8.06841913377866, -11.4461913506966, 4.79192735743709, -7.75012938305736, 9.35966425691731, 1.01152337971143, -0.765132558299229, -9.13049175054766, 1.2966447416693, -6.67782865115441, 0.314434946049005, -7.69934069598094, 2.9197532008402, -6.73961491906084, -10.6209226395003, -1.21493352111429, 3.39924657251686, -14.3268086691387, 2.65742111601867, 1.41748183756135, -5.23464907077141, -6.04981207055971, -8.56556455022655, -8.64641237771139, 4.02702955412678, 7.56329695810564, 5.7894358492922, 3.38390651391819, -3.69939984288067, 3.58102934202179, -9.92816013516858, -9.66535119572654, 8.51165823056363, -1.34264784632251, -2.45116496575065, -5.06190890213475, -8.90477337292396, -12.0832718885504, -2.93087612721138, -9.46950063575059, -11.1015893903095, -5.87622903170995, -2.21784140798263, -14.7910421981942, -2.99105628277175, -3.39339722762816, -8.37891090544872, 0.606767404824495, 8.52004812564701, 6.05029569938779, 7.75014861370437, -10.7264519238379, -4.56905675586313, 2.52509268699214, -6.66191043332219, 7.84453458851203, 5.27764375088736, 9.53604936599731, 9.13162794546224, 0.627224813215435, 0.797281078994274, -2.59027749183588, 